GC-Content Regions with Overlap (start, stop, GC):
1, 1000, 32.7
101, 1100, 32.2
201, 1200, 30.5
301, 1300, 30.2
401, 1400, 30.0
501, 1500, 30.7
601, 1600, 31.1
701, 1700, 30.4
801, 1800, 30.6
901, 1900, 30.8
1001, 2000, 33.9
1101, 2100, 34.6
1201, 2200, 34.5
1301, 2300, 33.3
1401, 2400, 32.9
1501, 2500, 32.4
1601, 2600, 30.8
1701, 2700, 33.1
1801, 2800, 33.7
1901, 2900, 34.2
2001, 3000, 32.8
2101, 3100, 31.7
2201, 3200, 32.8
2301, 3300, 34.4
2401, 3400, 34.6
2501, 3500, 34.6
2601, 3600, 36.5
2701, 3700, 35.7
2801, 3800, 37.5
2901, 3900, 37.8
3001, 4000, 39.2
3101, 4100, 41.2
3201, 4200, 43.0
3301, 4300, 43.3
3401, 4400, 44.5
3501, 4500, 45.6
3601, 4600, 45.1
3701, 4700, 44.7
3801, 4800, 42.8
3901, 4900, 40.5
4001, 5000, 37.6
4101, 5100, 35.5
4201, 5200, 34.1
4301, 5300, 32.6
4401, 5400, 31.4
4501, 5500, 29.6
4601, 5600, 28.5
4701, 5700, 27.4
4801, 5800, 28.8
4901, 5900, 30.3
5001, 6000, 33.2
5101, 6100, 33.8
5201, 6200, 33.5
5301, 6300, 34.9
5401, 6400, 34.7
5501, 6500, 36.3
5601, 6600, 37.6
5701, 6700, 37.2
5801, 6800, 34.7
5901, 6900, 34.6
6001, 7000, 31.2
6101, 7100, 30.8
6201, 7200, 32.0
6301, 7300, 31.2
6401, 7400, 30.6
6501, 7500, 30.8
6601, 7600, 31.5
6701, 7700, 33.9
6801, 7800, 36.1
6901, 7900, 36.6
7001, 8000, 38.4
7101, 8100, 38.5
7201, 8200, 37.2
7301, 8300, 36.7
7401, 8400, 36.2
7501, 8500, 35.1
7601, 8600, 33.2
7701, 8700, 32.2
7801, 8800, 32.0
7901, 8900, 32.1
8001, 9000, 31.0
8101, 9100, 30.9
8201, 9200, 31.9
8301, 9300, 33.4
8401, 9400, 35.4
8501, 9500, 35.0
8601, 9600, 36.3
8701, 9700, 35.2
8801, 9800, 35.7
8901, 9900, 35.1
9001, 10000, 36.8
9101, 10100, 38.0
9201, 10200, 38.4
9301, 10300, 39.2
9401, 10400, 38.8
9501, 10500, 40.7
9601, 10600, 41.3
9701, 10700, 42.7
9801, 10800, 42.1
9901, 10900, 42.6
10001, 11000, 41.2
10101, 11100, 41.4
10201, 11200, 40.9
10301, 11300, 39.2
10401, 11400, 39.0
10501, 11500, 38.6
10601, 11600, 37.6
10701, 11700, 36.7
10801, 11800, 35.9
10901, 11900, 34.3
11001, 12000, 34.8
11101, 12100, 32.3
11201, 12200, 31.2
11301, 12300, 31.8
11401, 12400, 31.5
11501, 12500, 30.3
11601, 12600, 30.8
11701, 12700, 31.5
11801, 12800, 32.4
11901, 12900, 34.2
12001, 13000, 34.9
12101, 13100, 36.3
12201, 13200, 37.1
12301, 13300, 36.5
12401, 13400, 37.7
12501, 13500, 38.8
12601, 13600, 38.7
12701, 13700, 38.1
12801, 13800, 37.6
12901, 13900, 36.7
13001, 14000, 36.3
13101, 14100, 36.6
13201, 14200, 37.2
13301, 14300, 37.7
13401, 14400, 37.0
13501, 14500, 37.4
13601, 14600, 37.0
13701, 14700, 37.6
13801, 14800, 38.1
13901, 14900, 38.6
14001, 15000, 38.6
14101, 15100, 39.8
14201, 15200, 39.6
14301, 15300, 39.9
14401, 15400, 40.1
14501, 15500, 39.9
14601, 15600, 39.3
14701, 15700, 39.7
14801, 15800, 39.6
14901, 15900, 38.9
15001, 16000, 39.2
15101, 16100, 38.0
15201, 16200, 36.8
15301, 16300, 36.7
15401, 16400, 36.6
15501, 16500, 36.3
15601, 16600, 36.6
15701, 16700, 35.8
15801, 16800, 36.3
15901, 16900, 36.7
16001, 17000, 37.0
16101, 17100, 37.5
16201, 17200, 38.1
16301, 17300, 38.2
16401, 17400, 37.9
16501, 17500, 37.6
16601, 17600, 38.6
16701, 17700, 39.1
16801, 17800, 38.4
16901, 17900, 39.4
17001, 18000, 39.8
17101, 18100, 39.5
17201, 18200, 40.1
17301, 18300, 39.7
17401, 18400, 40.3
17501, 18500, 39.9
17601, 18600, 40.1
17701, 18700, 39.5
17801, 18800, 40.3
17901, 18900, 39.9
18001, 19000, 39.4
18101, 19100, 39.4
18201, 19200, 39.4
18301, 19300, 39.2
18401, 19400, 37.4
18501, 19500, 37.1
18601, 19600, 35.3
18701, 19700, 35.3
18801, 19800, 33.1
18901, 19900, 31.3
19001, 20000, 31.4
19101, 20100, 32.4
19201, 20200, 30.2
19301, 20300, 29.6
19401, 20400, 30.8
19501, 20500, 31.2
19601, 20600, 30.8
19701, 20700, 31.8
19801, 20800, 32.0
19901, 20900, 33.6
20001, 21000, 32.8
20101, 21100, 33.2
20201, 21200, 34.4
20301, 21300, 34.1
20401, 21400, 33.8
20501, 21500, 33.6
20601, 21600, 35.4
20701, 21700, 35.2
20801, 21800, 36.5
20901, 21900, 36.3
21001, 22000, 36.8
21101, 22100, 33.5
21201, 22200, 33.8
21301, 22300, 33.8
21401, 22400, 34.3
21501, 22500, 33.7
21601, 22600, 32.0
21701, 22700, 30.3
21801, 22800, 30.5
21901, 22900, 30.4
22001, 23000, 30.2
22101, 23100, 32.2
22201, 23200, 32.0
22301, 23300, 32.3
22401, 23400, 31.8
22501, 23500, 33.1
22601, 23600, 34.1
22701, 23700, 35.8
22801, 23800, 34.7
22901, 23900, 33.7
23001, 24000, 31.6
23101, 24100, 30.1
23201, 24200, 28.9
23301, 24300, 29.1
23401, 24400, 28.9
23501, 24500, 28.2
23601, 24600, 28.9
23701, 24700, 27.1
23801, 24800, 27.5
23901, 24900, 28.2
24001, 25000, 30.7
24101, 25100, 32.5
24201, 25200, 35.4
24301, 25300, 35.6
24401, 25400, 36.1
24501, 25500, 36.1
24601, 25600, 36.1
24701, 25700, 37.9
24801, 25800, 38.5
24901, 25900, 38.4
25001, 26000, 38.3
25101, 26100, 37.9
25201, 26200, 36.4
25301, 26300, 36.3
25401, 26400, 37.0
25501, 26500, 37.1
25601, 26600, 36.0
25701, 26700, 34.3
25801, 26800, 33.6
25901, 26900, 34.2
26001, 27000, 33.8
26101, 27100, 32.7
26201, 27200, 32.0
26301, 27300, 31.8
26401, 27400, 31.7
26501, 27500, 32.2
26601, 27600, 32.8
26701, 27700, 33.7
26801, 27800, 35.0
26901, 27900, 35.4
27001, 28000, 35.0
27101, 28100, 36.0
27201, 28200, 36.8
27301, 28300, 37.8
27401, 28400, 37.0
27501, 28500, 36.8
27601, 28600, 37.1
27701, 28700, 37.9
27801, 28800, 36.5
27901, 28900, 35.2
28001, 29000, 35.3
28101, 29100, 36.6
28201, 29200, 36.4
28301, 29300, 35.6
28401, 29400, 35.4
28501, 29500, 34.8
28601, 29600, 33.9
28701, 29700, 33.8
28801, 29800, 33.4
28901, 29900, 32.8
29001, 30000, 32.3
29101, 30100, 30.0
29201, 30200, 28.2
29301, 30300, 27.7
29401, 30400, 27.8
29501, 30500, 28.3
29601, 30600, 29.5
29701, 30700, 27.2
29801, 30800, 28.1
29901, 30900, 28.5
30001, 31000, 28.8
30101, 31100, 30.0
30201, 31200, 32.0
30301, 31300, 33.0
30401, 31400, 32.8
30501, 31500, 33.9
30601, 31600, 32.7
30701, 31700, 35.6
30801, 31800, 35.0
30901, 31900, 34.5
31001, 32000, 35.2
31101, 32100, 35.6
31201, 32200, 36.0
31301, 32300, 37.2
31401, 32400, 39.4
31501, 32500, 39.0
31601, 32600, 41.2
31701, 32700, 40.3
31801, 32800, 39.7
31901, 32900, 40.7
32001, 33000, 41.1
32101, 33100, 41.7
32201, 33200, 42.5
32301, 33300, 43.0
32401, 33400, 39.0
32501, 33500, 34.9
32601, 33600, 29.9
32701, 33700, 26.6
32801, 33800, 27.2
32901, 33900, 27.6
33001, 34000, 27.7
33101, 34100, 27.8
33201, 34200, 27.1
33301, 34300, 25.4
33401, 34400, 28.7
33501, 34500, 34.0
33601, 34600, 38.6
33701, 34700, 42.8
33801, 34800, 44.5
33901, 34900, 46.1
34001, 35000, 47.1
34101, 35100, 47.5
34201, 35200, 48.3
34301, 35300, 49.5
34401, 35400, 48.5
34501, 35500, 47.4
34601, 35600, 47.3
34701, 35700, 45.6
34801, 35800, 45.2
34901, 35900, 43.4
35001, 36000, 42.4
35101, 36100, 41.5
35201, 36200, 40.8
35301, 36300, 38.7
35401, 36400, 38.1
35501, 36500, 36.8
35601, 36600, 35.2
35701, 36700, 35.8
35801, 36800, 34.1
35901, 36900, 33.2
36001, 37000, 31.0
36101, 37100, 29.7
36201, 37200, 28.8
36301, 37300, 29.5
36401, 37400, 30.6
36501, 37500, 32.2
36601, 37600, 33.1
36701, 37700, 32.4
36801, 37800, 31.7
36901, 37900, 30.5
37001, 38000, 31.0
37101, 38100, 31.3
37201, 38200, 30.8
37301, 38300, 30.2
37401, 38400, 29.1
37501, 38500, 28.8
37601, 38600, 28.2
37701, 38700, 26.9
37801, 38800, 27.7
37901, 38900, 28.9
38001, 39000, 30.3
38101, 39100, 28.3
38201, 39200, 28.4
38301, 39300, 28.8
38401, 39400, 29.6
38501, 39500, 28.2
38601, 39600, 27.9
38701, 39700, 30.2
38801, 39800, 30.9
38901, 39900, 32.6
39001, 40000, 31.9
39101, 40100, 33.8
39201, 40200, 33.2
39301, 40300, 32.7
39401, 40400, 33.8
39501, 40500, 33.9
39601, 40600, 34.2
39701, 40700, 32.6
39801, 40800, 31.5
39901, 40900, 30.4
40001, 41000, 29.8
40101, 41100, 29.5
40201, 41200, 28.9
40301, 41300, 28.2
40401, 41400, 26.7
40501, 41500, 27.1
40601, 41600, 28.0
40701, 41700, 29.8
40801, 41800, 31.2
40901, 41900, 30.9
41001, 42000, 32.1
41101, 42100, 32.7
41201, 42200, 35.4
41301, 42300, 37.2
41401, 42400, 36.4
41501, 42500, 35.9
41601, 42600, 35.6
41701, 42700, 34.6
41801, 42800, 33.3
41901, 42900, 34.5
42001, 43000, 34.3
42101, 43100, 34.3
42201, 43200, 33.3
42301, 43300, 33.9
42401, 43400, 35.0
42501, 43500, 35.0
42601, 43600, 34.0
42701, 43700, 34.4
42801, 43800, 34.7
42901, 43900, 33.8
43001, 44000, 34.1
43101, 44100, 34.5
43201, 44200, 33.9
43301, 44300, 32.5
43401, 44400, 31.6
43501, 44500, 32.0
43601, 44600, 33.3
43701, 44700, 32.1
43801, 44800, 32.3
43901, 44900, 31.8
44001, 45000, 30.9
44101, 45100, 29.8
44201, 45200, 30.8
44301, 45300, 31.7
44401, 45400, 34.1
44501, 45500, 35.0
44601, 45600, 34.4
44701, 45700, 36.0
44801, 45800, 36.3
44901, 45900, 36.7
45001, 46000, 38.4
45101, 46100, 38.3
45201, 46200, 38.0
45301, 46300, 37.6
45401, 46400, 36.5
45501, 46500, 36.1
45601, 46600, 35.4
45701, 46700, 34.5
45801, 46800, 34.4
45901, 46900, 33.8
46001, 47000, 31.7
46101, 47100, 31.8
46201, 47200, 30.1
46301, 47300, 29.0
46401, 47400, 27.3
46501, 47500, 26.2
46601, 47600, 26.8
46701, 47700, 27.4
46801, 47800, 27.0
46901, 47900, 26.9
47001, 48000, 26.5
47101, 48100, 27.3
47201, 48200, 28.5
47301, 48300, 28.3
47401, 48400, 29.1
47501, 48500, 29.3
47601, 48600, 28.8
47701, 48700, 27.2
47801, 48800, 26.7
47901, 48900, 27.5
48001, 49000, 27.4
48101, 49100, 27.2
48201, 49200, 27.1
48301, 49300, 27.2
48401, 49400, 27.4
48501, 49500, 26.7
48601, 49600, 26.6
48701, 49700, 27.2
48801, 49800, 28.4
48901, 49900, 29.1
49001, 50000, 31.0
49101, 50100, 29.3
49201, 50200, 28.9
49301, 50300, 29.0
49401, 50400, 27.8
49501, 50500, 28.5
49601, 50600, 28.6
49701, 50700, 29.4
49801, 50800, 28.2
49901, 50900, 27.9
50001, 51000, 26.5
50101, 51100, 27.8
50201, 51200, 27.3
50301, 51300, 27.0
50401, 51400, 27.2
50501, 51500, 28.2
50601, 51600, 29.0
50701, 51700, 27.9
50801, 51800, 28.1
50901, 51900, 28.2
51001, 52000, 28.3
51101, 52100, 28.7
51201, 52200, 30.8
51301, 52300, 33.4
51401, 52400, 34.8
51501, 52500, 34.2
51601, 52600, 33.2
51701, 52700, 34.3
51801, 52800, 33.5
51901, 52900, 32.9
52001, 53000, 33.1
52101, 53100, 33.7
52201, 53200, 33.7
52301, 53300, 33.5
52401, 53400, 33.7
52501, 53500, 32.1
52601, 53600, 31.5
52701, 53700, 30.8
52801, 53800, 31.8
52901, 53900, 30.8
53001, 54000, 30.6
53101, 54100, 29.6
53201, 54200, 28.6
53301, 54300, 26.3
53401, 54400, 26.2
53501, 54500, 27.6
53601, 54600, 29.3
53701, 54700, 31.1
53801, 54800, 32.2
53901, 54900, 32.6
54001, 55000, 32.2
54101, 55100, 32.1
54201, 55200, 31.2
54301, 55300, 31.7
54401, 55400, 31.5
54501, 55500, 30.6
54601, 55600, 29.7
54701, 55700, 28.1
54801, 55800, 26.4
54901, 55900, 25.9
55001, 56000, 26.2
55101, 56100, 26.2
55201, 56200, 27.5
55301, 56300, 27.5
55401, 56400, 26.7
55501, 56500, 26.8
55601, 56600, 27.1
55701, 56700, 27.3
55801, 56800, 27.4
55901, 56900, 27.8
56001, 57000, 28.4
56101, 57000, 28.3
56201, 57000, 27.5
56301, 57000, 27.6
56401, 57000, 27.8
56501, 57000, 29.0
56601, 57000, 28.2
56701, 57000, 27.3
56801, 57000, 29.5
56901, 57000, 33.0
